{
 "cells": [
  {
   "cell_type": "code",
   "execution_count": 1,
   "metadata": {},
   "outputs": [],
   "source": [
    "import numpy as np \n",
    "def calc_sorted_eigen(A):\n",
    "    eigen_val, eigen_vec = np.linalg.eig(A)\n",
    "    idx = eigen_val.argsort()[::-1]   \n",
    "    eigen_val = eigen_val[idx]\n",
    "    eigen_vec = eigen_vec[:,idx] \n",
    "    return eigen_val, eigen_vec"
   ]
  },
  {
   "cell_type": "code",
   "execution_count": 2,
   "metadata": {},
   "outputs": [],
   "source": [
    "import sys"
   ]
  },
  {
   "cell_type": "code",
   "execution_count": 4,
   "metadata": {},
   "outputs": [
    {
     "name": "stdout",
     "output_type": "stream",
     "text": [
      "my_cov:\n",
      " [[  3.02166667e+02  -6.26666667e+00   2.83333333e+00]\n",
      " [ -6.26666667e+00   1.46666667e+00  -3.33333333e-01]\n",
      " [  2.83333333e+00  -3.33333333e-01   1.66666667e-01]]\n",
      "numpy_cov:\n",
      " [[  3.02166667e+02  -6.26666667e+00   2.83333333e+00]\n",
      " [ -6.26666667e+00   1.46666667e+00  -3.33333333e-01]\n",
      " [  2.83333333e+00  -3.33333333e-01   1.66666667e-01]]\n",
      "StandardScaler cov only mean:\n",
      " [[  3.02166667e+02  -6.26666667e+00   2.83333333e+00]\n",
      " [ -6.26666667e+00   1.46666667e+00  -3.33333333e-01]\n",
      " [  2.83333333e+00  -3.33333333e-01   1.66666667e-01]]\n",
      "StandardScaler cov:\n",
      " [[ 1.2        -0.35721431  0.47910562]\n",
      " [-0.35721431  1.2        -0.80903983]\n",
      " [ 0.47910562 -0.80903983  1.2       ]]\n",
      "my_corr_coef:\n",
      " [[ 1.         -0.29767859  0.39925468]\n",
      " [-0.29767859  1.         -0.67419986]\n",
      " [ 0.39925468 -0.67419986  1.        ]]\n",
      "numpy_corr_coef:\n",
      " [[ 1.         -0.29767859  0.39925468]\n",
      " [-0.29767859  1.         -0.67419986]\n",
      " [ 0.39925468 -0.67419986  1.        ]]\n",
      "StandardScaler cov only mean corr_coef:\n",
      " [[ 1.         -0.29767859  0.39925468]\n",
      " [-0.29767859  1.         -0.67419986]\n",
      " [ 0.39925468 -0.67419986  1.        ]]\n",
      "StandardScaler cov corr_coef:\n",
      " [[ 1.         -0.29767859  0.39925468]\n",
      " [-0.29767859  1.         -0.67419986]\n",
      " [ 0.39925468 -0.67419986  1.        ]]\n"
     ]
    },
    {
     "name": "stderr",
     "output_type": "stream",
     "text": [
      "/Users/kevinlu/miniconda3/envs/pytorch/lib/python3.6/site-packages/sklearn/utils/validation.py:475: DataConversionWarning: Data with input dtype int64 was converted to float64 by StandardScaler.\n",
      "  warnings.warn(msg, DataConversionWarning)\n"
     ]
    }
   ],
   "source": [
    "# Calculate the covariance matrix and correlation \"by hand\"\n",
    "from sklearn.preprocessing import StandardScaler\n",
    "\n",
    "x = np.array([\n",
    "    [0, 2, 4],\n",
    "    [1, 1, 4],\n",
    "    [2, 0, 4],\n",
    "    [33, 2, 4],\n",
    "    [34, 0, 4],\n",
    "    [-3, 3, 3]\n",
    "])\n",
    "x_cent = np.mean(x, axis=0, keepdims=True)\n",
    "my_cov = ((x - x_cent).T @ (x - x_cent)) / (len(x)-1)\n",
    "print(f\"my_cov:\\n {my_cov}\")\n",
    "\n",
    "numpy_cov = np.cov(x.T)\n",
    "print(f\"numpy_cov:\\n {numpy_cov}\")\n",
    "\n",
    "x_std_mean = StandardScaler(with_std=False).fit_transform(x)\n",
    "mean_only_scaler_cov = np.cov(x_std_mean.T)\n",
    "print(f\"StandardScaler cov only mean:\\n {mean_only_scaler_cov}\")\n",
    "\n",
    "x_std = StandardScaler().fit_transform(x)\n",
    "std_scaler_cov = np.cov(x_std.T)\n",
    "print(f\"StandardScaler cov:\\n {std_scaler_cov}\")\n",
    "\n",
    "# Calculate the normalized covariance (or correlation matrix) \"by hand\"\n",
    "def calc_corr(cov):\n",
    "    corr_coef = cov.copy()\n",
    "    var = np.diag(cov)\n",
    "    stddev = np.sqrt(var.real)\n",
    "    corr_coef /= stddev[:, None]\n",
    "    corr_coef /= stddev[None, :]\n",
    "    return corr_coef\n",
    "\n",
    "print(f\"my_corr_coef:\\n {calc_corr(my_cov)}\")\n",
    "\n",
    "numpy_corr_coef = np.corrcoef(x.T)\n",
    "print(f\"numpy_corr_coef:\\n {numpy_corr_coef}\")\n",
    "\n",
    "no_mean_std_scaler_corr_coef = calc_corr(mean_only_scaler_cov)\n",
    "print(f\"StandardScaler cov only mean corr_coef:\\n {no_mean_std_scaler_corr_coef}\")\n",
    "\n",
    "std_scaler_corr_coeff = calc_corr(std_scaler_cov)\n",
    "print(f\"StandardScaler cov corr_coef:\\n {std_scaler_corr_coeff}\")\n",
    "\n"
   ]
  },
  {
   "cell_type": "code",
   "execution_count": 6,
   "metadata": {},
   "outputs": [
    {
     "name": "stdout",
     "output_type": "stream",
     "text": [
      "b1\n",
      "[[  7]\n",
      " [ -4]\n",
      " [-14]]\n",
      "b2\n",
      "[[-1]\n",
      " [ 8]\n",
      " [ 2]]\n",
      "b3\n",
      "[[0]\n",
      " [1]\n",
      " [0]]\n",
      "b4\n",
      "[[ 0]\n",
      " [-1]\n",
      " [ 0]]\n",
      "b5\n",
      "[[ 10]\n",
      " [ -8]\n",
      " [-20]]\n",
      "b6\n",
      "[[  0.00000000e+00]\n",
      " [  1.00000001e-08]\n",
      " [  0.00000000e+00]]\n",
      "Eigen vec:\n",
      "[[  5.55111512e-17   0.00000000e+00  -9.53462589e-02]\n",
      " [ -1.00000000e+00   1.00000000e+00  -9.53462589e-01]\n",
      " [ -1.11022302e-16   0.00000000e+00   2.86038777e-01]]\n",
      "Eigen vec_t:\n",
      "[[  5.55111512e-17  -1.00000000e+00  -1.11022302e-16]\n",
      " [  0.00000000e+00   1.00000000e+00   0.00000000e+00]\n",
      " [ -9.53462589e-02  -9.53462589e-01   2.86038777e-01]]\n",
      "Eigenvalue: 1.0000000000000004\n",
      "Eigenvector: [  5.55111512e-17  -1.00000000e+00  -1.11022302e-16]\n",
      "Eigenvalue: 1.0\n",
      "Eigenvector: [ 0.  1.  0.]\n",
      "Eigenvalue: -2.220446049250313e-16\n",
      "Eigenvector: [-0.09534626 -0.95346259  0.28603878]\n"
     ]
    }
   ],
   "source": [
    "# Calculate the eigenvectors and eigenvalues by hand\n",
    "\n",
    "A = np.array([\n",
    "    [3, 0, 1],\n",
    "    [-4, 1, 2], \n",
    "    [-6, 0, -2]\n",
    "])\n",
    "\n",
    "b1 = np.array([2, 2, 1]).reshape(-1, 1)\n",
    "b2 = np.array([-1, 0, 2]).reshape(-1, 1)\n",
    "b3 = np.array([0, 1, 0]).reshape(-1, 1)\n",
    "b4 = np.array([0, -1, 0]).reshape(-1, 1)\n",
    "b5 = np.array([3, 2, 1]).reshape(-1, 1)\n",
    "b6 = np.array([-0.09534626, -0.95346259,  0.28603878]).reshape(-1, 1)\n",
    "\n",
    "for i, b in enumerate([b1, b2, b3, b4, b5, b6], 1):\n",
    "    print(f\"b{i}\")\n",
    "    print(A @ b)\n",
    "\n",
    "eigen_val, eigen_vec = calc_sorted_eigen(A)\n",
    "print(f\"Eigen vec:\\n{eigen_vec}\")\n",
    "print(f\"Eigen vec_t:\\n{eigen_vec.T}\")\n",
    "for val, vec in zip(eigen_val, eigen_vec.T): # note here that np.linalg.eigen gives the transpose of the eigenvectors\n",
    "    print(f\"Eigenvalue: {val}\")\n",
    "    print(f\"Eigenvector: {vec}\")\n",
    "# We see that [0, 1, 0] is an eigen vector with an eigen value of 1"
   ]
  },
  {
   "cell_type": "code",
   "execution_count": 7,
   "metadata": {},
   "outputs": [],
   "source": [
    "# Calculate eigen vectors and eigenvalues by hand for real\n",
    "\n",
    "A = np.array([\n",
    "    [-2, -4, 2],\n",
    "    [-2, 1, 2],\n",
    "    [4, 2, 5]\n",
    "])"
   ]
  },
  {
   "cell_type": "code",
   "execution_count": 8,
   "metadata": {},
   "outputs": [
    {
     "data": {
      "text/plain": [
       "(array([-5.,  3.,  6.]), array([[ 0.81649658,  0.53452248,  0.05842062],\n",
       "        [ 0.40824829, -0.80178373,  0.35052374],\n",
       "        [-0.40824829, -0.26726124,  0.93472998]]))"
      ]
     },
     "execution_count": 8,
     "metadata": {},
     "output_type": "execute_result"
    }
   ],
   "source": [
    "np.linalg.eig(A)"
   ]
  },
  {
   "cell_type": "code",
   "execution_count": 9,
   "metadata": {},
   "outputs": [
    {
     "name": "stdout",
     "output_type": "stream",
     "text": [
      "cov:\n",
      " [[ 0.61655556  0.61544444]\n",
      " [ 0.61544444  0.71655556]]\n",
      "eigen_val:\n",
      " [ 1.28402771  0.0490834 ]\n",
      "eigen_vec:\n",
      " [[-0.6778734  -0.73517866]\n",
      " [-0.73517866  0.6778734 ]]\n",
      "Transformed X:\n",
      " [[-3.45911227 -0.21105048]\n",
      " [-0.85356176  0.10692205]\n",
      " [-3.62333958  0.34843981]\n",
      " [-2.9053525   0.09448203]\n",
      " [-4.3069435  -0.24543364]\n",
      " [-3.54409119  0.13934727]\n",
      " [-2.53203265 -0.38575987]\n",
      " [-1.48656992  0.01048208]\n",
      " [-2.19309595 -0.01817055]\n",
      " [-1.40732153 -0.19861046]]\n",
      "Original X:\n",
      " [[ 2.5  2.4]\n",
      " [ 0.5  0.7]\n",
      " [ 2.2  2.9]\n",
      " [ 1.9  2.2]\n",
      " [ 3.1  3. ]\n",
      " [ 2.3  2.7]\n",
      " [ 2.   1.6]\n",
      " [ 1.   1.1]\n",
      " [ 1.5  1.6]\n",
      " [ 1.1  0.9]]\n"
     ]
    },
    {
     "ename": "NameError",
     "evalue": "name 'pca' is not defined",
     "output_type": "error",
     "traceback": [
      "\u001b[0;31m---------------------------------------------------------------------------\u001b[0m",
      "\u001b[0;31mNameError\u001b[0m                                 Traceback (most recent call last)",
      "\u001b[0;32m<ipython-input-9-e0e3817c1e6e>\u001b[0m in \u001b[0;36m<module>\u001b[0;34m()\u001b[0m\n\u001b[1;32m     73\u001b[0m \u001b[0mprint\u001b[0m\u001b[0;34m(\u001b[0m\u001b[0;34mf\"Original X:\\n {original_X}\"\u001b[0m\u001b[0;34m)\u001b[0m\u001b[0;34m\u001b[0m\u001b[0;34m\u001b[0m\u001b[0m\n\u001b[1;32m     74\u001b[0m \u001b[0;34m\u001b[0m\u001b[0m\n\u001b[0;32m---> 75\u001b[0;31m \u001b[0mpca\u001b[0m\u001b[0;34m.\u001b[0m\u001b[0mfit\u001b[0m\u001b[0;34m(\u001b[0m\u001b[0mStandardScaler\u001b[0m\u001b[0;34m(\u001b[0m\u001b[0;34m)\u001b[0m\u001b[0;34m.\u001b[0m\u001b[0mfit_transform\u001b[0m\u001b[0;34m(\u001b[0m\u001b[0mX\u001b[0m\u001b[0;34m)\u001b[0m\u001b[0;34m)\u001b[0m\u001b[0;34m\u001b[0m\u001b[0;34m\u001b[0m\u001b[0m\n\u001b[0m\u001b[1;32m     76\u001b[0m \u001b[0;34m\u001b[0m\u001b[0m\n",
      "\u001b[0;31mNameError\u001b[0m: name 'pca' is not defined"
     ]
    }
   ],
   "source": [
    "# Calculate PCA \"by hand\"\n",
    "\n",
    "# 1. Calculate covariance matrix\n",
    "X = np.array([\n",
    "    [2.5, 2.4],\n",
    "    [0.5, 0.7],\n",
    "    [2.2, 2.9],\n",
    "    [1.9, 2.2], \n",
    "    [3.1, 3.0],\n",
    "    [2.3, 2.7],\n",
    "    [2, 1.6],\n",
    "    [1, 1.1],\n",
    "    [1.5, 1.6],\n",
    "    [1.1, 0.9]\n",
    "])\n",
    "X_mean = X.mean(axis=0, keepdims=True)\n",
    "X_scaled = X - X_mean\n",
    "\n",
    "cov = np.cov(X_scaled.T) \n",
    "cov = (X - X_mean).T @ (X - X_mean) / (len(X) - 1)\n",
    "print(f\"cov:\\n {cov}\")\n",
    "\n",
    "# 2. Calculate eigenvalues, and eigenvectors\n",
    "eigen_val, eigen_vec = calc_sorted_eigen(cov)\n",
    "\n",
    "print(f\"eigen_val:\\n {eigen_val}\")\n",
    "print(f\"eigen_vec:\\n {eigen_vec}\") \n",
    "\n",
    "# 3. Do the transformation\n",
    "\"\"\"\n",
    "Since the eigenvectors we get back from np.linalg.eig is the transpose of the eigenvectors, \n",
    "i.e. the first eigenvector is on the first row, we can multiply the transposed eigenvectors by our original feature\n",
    "vector, remember that the eigenvectors tell us what proportion of each feature is needed to construct a new axis.\n",
    "\n",
    "Assuming that the eigenvectors are sorted by their corresponding eigenvalues\n",
    "\n",
    "eigen_vectors = [\n",
    "    [V1_x1, V1_x2]\n",
    "    [V2_x1, V2_x2]\n",
    "]\n",
    "\n",
    "Then, the first principle component can be calculated via:\n",
    "\n",
    "eigen_vectors[0] = [V1_x1, V1_x2]\n",
    "X[0] = [2.5, 2.4]\n",
    "\n",
    "2.5 * [V1_x1] + 2.4 * [V1_x2] = eigen_vectors[0] @ X[0]\n",
    "\n",
    "The second PC can be calculated via:\n",
    "\n",
    "eigen_vectors[1] = [V2_x1, V2_x2]\n",
    "X[0] = [2.5, 2.4]\n",
    "\n",
    "2.5 * [V2_x1] + 2.4 [V2_x2] = eigen_vectors[1] @ X[0]\n",
    "\n",
    "Or if we want both:\n",
    "\n",
    "2.5 * [[V1_x1], + 2.4 * [[V1_x2] = eigen_vectors @ X[0]\n",
    "       [V2_x1]]          [V2_x2]\n",
    "\n",
    "Note here that 2.5 is the original x1 of the data and 2.4 is the original x2 of the data. By taking the first PC we\n",
    "can condense these two features into 1, and the proportion of each feature we use is represented by the first eigen \n",
    "vector\n",
    "\"\"\"\n",
    "\n",
    "transformed_X = X @ eigen_vec\n",
    "print(f\"Transformed X:\\n {transformed_X}\")\n",
    "\n",
    "# To get the original data back we just have to multiply the transformed data by the eigenvectors again, as the matrix\n",
    "# created by the eigenvectors is an orthogonal matrix.\n",
    "\n",
    "original_X = transformed_X @ eigen_vec.T\n",
    "print(f\"Original X:\\n {original_X}\")\n",
    "\n",
    "pca.fit(StandardScaler().fit_transform(X))\n",
    "\n"
   ]
  },
  {
   "cell_type": "code",
   "execution_count": null,
   "metadata": {},
   "outputs": [],
   "source": []
  },
  {
   "cell_type": "code",
   "execution_count": null,
   "metadata": {},
   "outputs": [],
   "source": []
  },
  {
   "cell_type": "code",
   "execution_count": null,
   "metadata": {},
   "outputs": [],
   "source": []
  },
  {
   "cell_type": "code",
   "execution_count": null,
   "metadata": {},
   "outputs": [],
   "source": []
  }
 ],
 "metadata": {
  "kernelspec": {
   "display_name": "Python [conda env:pytorch]",
   "language": "python",
   "name": "conda-env-pytorch-py"
  },
  "language_info": {
   "codemirror_mode": {
    "name": "ipython",
    "version": 3
   },
   "file_extension": ".py",
   "mimetype": "text/x-python",
   "name": "python",
   "nbconvert_exporter": "python",
   "pygments_lexer": "ipython3",
   "version": "3.6.7"
  }
 },
 "nbformat": 4,
 "nbformat_minor": 2
}
